1
     0      0  1e+22      0
     0      0      0  1e+22
-1e+22     -0      0      0
    -0 -1e+22      0      0
2
           0            0 -8.90424e+20           -0        1e+22            0  4.84688e+20            0
           0            0           -0  5.27011e+20            0        1e+22            0 -6.10452e+18
-8.90424e+20            0            0            0  4.84688e+20            0        1e+22            0
           0  5.27011e+20            0            0            0 -6.10452e+18            0        1e+22
      -1e+22           -0 -4.84688e+20           -0            0            0 -8.90424e+20           -0
          -0       -1e+22           -0  6.10452e+18            0            0           -0  5.27011e+20
-4.84688e+20           -0       -1e+22           -0 -8.90424e+20            0            0            0
          -0  6.10452e+18           -0       -1e+22            0  5.27011e+20            0            0
2
           0            0 -8.90424e+20           -0        1e+22            0  4.84688e+20            0
           0            0           -0  5.27011e+20            0        1e+22            0 -6.10452e+18
-8.90424e+20            0            0            0  4.84688e+20            0        1e+22            0
           0  5.27011e+20            0            0            0 -6.10452e+18            0        1e+22
      -1e+22           -0 -4.84688e+20           -0            0            0 -8.90424e+20           -0
          -0       -1e+22           -0  6.10452e+18            0            0           -0  5.27011e+20
-4.84688e+20           -0       -1e+22           -0 -8.90424e+20            0            0            0
          -0  6.10452e+18           -0       -1e+22            0  5.27011e+20            0            0
2
           0            0  5.27011e+20           -0        1e+22            0 -6.10452e+18            0
           0            0           -0 -8.90424e+20            0        1e+22            0  4.84688e+20
 5.27011e+20            0            0            0 -6.10452e+18            0        1e+22            0
           0 -8.90424e+20            0            0            0  4.84688e+20            0        1e+22
      -1e+22           -0  6.10452e+18           -0            0            0  5.27011e+20           -0
          -0       -1e+22           -0 -4.84688e+20            0            0           -0 -8.90424e+20
 6.10452e+18           -0       -1e+22           -0  5.27011e+20            0            0            0
          -0 -4.84688e+20           -0       -1e+22            0 -8.90424e+20            0            0
2
           0            0  5.27011e+20           -0        1e+22            0 -6.10452e+18            0
           0            0           -0 -8.90424e+20            0        1e+22            0  4.84688e+20
 5.27011e+20            0            0            0 -6.10452e+18            0        1e+22            0
           0 -8.90424e+20            0            0            0  4.84688e+20            0        1e+22
      -1e+22           -0  6.10452e+18           -0            0            0  5.27011e+20           -0
          -0       -1e+22           -0 -4.84688e+20            0            0           -0 -8.90424e+20
 6.10452e+18           -0       -1e+22           -0  5.27011e+20            0            0            0
          -0 -4.84688e+20           -0       -1e+22            0 -8.90424e+20            0            0
2
           0            0 -1.85701e+20 -7.21693e+20        1e+22            0   2.4222e+20  2.48325e+20
           0            0 -7.21693e+20 -1.85701e+20            0        1e+22  2.48325e+20   2.4222e+20
-1.85701e+20 -7.21693e+20            0            0   2.4222e+20  2.48325e+20        1e+22            0
-7.21693e+20 -1.85701e+20            0            0  2.48325e+20   2.4222e+20            0        1e+22
      -1e+22           -0  -2.4222e+20 -2.48325e+20            0            0 -1.85701e+20 -7.21693e+20
          -0       -1e+22 -2.48325e+20  -2.4222e+20            0            0 -7.21693e+20 -1.85701e+20
 -2.4222e+20 -2.48325e+20       -1e+22           -0 -1.85701e+20 -7.21693e+20            0            0
-2.48325e+20  -2.4222e+20           -0       -1e+22 -7.21693e+20 -1.85701e+20            0            0
2
           0            0 -1.85701e+20 -7.21693e+20        1e+22            0   2.4222e+20  2.48325e+20
           0            0 -7.21693e+20 -1.85701e+20            0        1e+22  2.48325e+20   2.4222e+20
-1.85701e+20 -7.21693e+20            0            0   2.4222e+20  2.48325e+20        1e+22            0
-7.21693e+20 -1.85701e+20            0            0  2.48325e+20   2.4222e+20            0        1e+22
      -1e+22           -0  -2.4222e+20 -2.48325e+20            0            0 -1.85701e+20 -7.21693e+20
          -0       -1e+22 -2.48325e+20  -2.4222e+20            0            0 -7.21693e+20 -1.85701e+20
 -2.4222e+20 -2.48325e+20       -1e+22           -0 -1.85701e+20 -7.21693e+20            0            0
-2.48325e+20  -2.4222e+20           -0       -1e+22 -7.21693e+20 -1.85701e+20            0            0
2
           0            0  4.97225e+20  2.01262e+20        1e+22            0  4.01491e+18  -6.9716e+19
           0            0  2.01262e+20  -8.6013e+20            0        1e+22  -6.9716e+19  4.74194e+20
 4.97225e+20  2.01262e+20            0            0  4.01491e+18  -6.9716e+19        1e+22            0
 2.01262e+20  -8.6013e+20            0            0  -6.9716e+19  4.74194e+20            0        1e+22
      -1e+22           -0 -4.01491e+18   6.9716e+19            0            0  4.97225e+20  2.01262e+20
          -0       -1e+22   6.9716e+19 -4.74194e+20            0            0  2.01262e+20  -8.6013e+20
-4.01491e+18   6.9716e+19       -1e+22           -0  4.97225e+20  2.01262e+20            0            0
  6.9716e+19 -4.74194e+20           -0       -1e+22  2.01262e+20  -8.6013e+20            0            0
2
           0            0  4.97225e+20  2.01262e+20        1e+22            0  4.01491e+18  -6.9716e+19
           0            0  2.01262e+20  -8.6013e+20            0        1e+22  -6.9716e+19  4.74194e+20
 4.97225e+20  2.01262e+20            0            0  4.01491e+18  -6.9716e+19        1e+22            0
 2.01262e+20  -8.6013e+20            0            0  -6.9716e+19  4.74194e+20            0        1e+22
      -1e+22           -0 -4.01491e+18   6.9716e+19            0            0  4.97225e+20  2.01262e+20
          -0       -1e+22   6.9716e+19 -4.74194e+20            0            0  2.01262e+20  -8.6013e+20
-4.01491e+18   6.9716e+19       -1e+22           -0  4.97225e+20  2.01262e+20            0            0
  6.9716e+19 -4.74194e+20           -0       -1e+22  2.01262e+20  -8.6013e+20            0            0
2
           0            0  5.27011e+20           -0        1e+22            0 -6.10452e+18            0
           0            0           -0 -8.90424e+20            0        1e+22            0  4.84688e+20
 5.27011e+20            0            0            0 -6.10452e+18            0        1e+22            0
           0 -8.90424e+20            0            0            0  4.84688e+20            0        1e+22
      -1e+22           -0  6.10452e+18           -0            0            0  5.27011e+20           -0
          -0       -1e+22           -0 -4.84688e+20            0            0           -0 -8.90424e+20
 6.10452e+18           -0       -1e+22           -0  5.27011e+20            0            0            0
          -0 -4.84688e+20           -0       -1e+22            0 -8.90424e+20            0            0
2
           0            0  5.27011e+20           -0        1e+22            0 -6.10452e+18            0
           0            0           -0 -8.90424e+20            0        1e+22            0  4.84688e+20
 5.27011e+20            0            0            0 -6.10452e+18            0        1e+22            0
           0 -8.90424e+20            0            0            0  4.84688e+20            0        1e+22
      -1e+22           -0  6.10452e+18           -0            0            0  5.27011e+20           -0
          -0       -1e+22           -0 -4.84688e+20            0            0           -0 -8.90424e+20
 6.10452e+18           -0       -1e+22           -0  5.27011e+20            0            0            0
          -0 -4.84688e+20           -0       -1e+22            0 -8.90424e+20            0            0
2
           0            0  5.27011e+20           -0        1e+22            0 -6.10452e+18            0
           0            0           -0 -8.90424e+20            0        1e+22            0  4.84688e+20
 5.27011e+20            0            0            0 -6.10452e+18            0        1e+22            0
           0 -8.90424e+20            0            0            0  4.84688e+20            0        1e+22
      -1e+22           -0  6.10452e+18           -0            0            0  5.27011e+20           -0
          -0       -1e+22           -0 -4.84688e+20            0            0           -0 -8.90424e+20
 6.10452e+18           -0       -1e+22           -0  5.27011e+20            0            0            0
          -0 -4.84688e+20           -0       -1e+22            0 -8.90424e+20            0            0
2
           0            0  5.27011e+20           -0        1e+22            0 -6.10452e+18            0
           0            0           -0 -8.90424e+20            0        1e+22            0  4.84688e+20
 5.27011e+20            0            0            0 -6.10452e+18            0        1e+22            0
           0 -8.90424e+20            0            0            0  4.84688e+20            0        1e+22
      -1e+22           -0  6.10452e+18           -0            0            0  5.27011e+20           -0
          -0       -1e+22           -0 -4.84688e+20            0            0           -0 -8.90424e+20
 6.10452e+18           -0       -1e+22           -0  5.27011e+20            0            0            0
          -0 -4.84688e+20           -0       -1e+22            0 -8.90424e+20            0            0
2
           0            0  4.97225e+20  2.01262e+20        1e+22            0  4.01491e+18  -6.9716e+19
           0            0  2.01262e+20  -8.6013e+20            0        1e+22  -6.9716e+19  4.74194e+20
 4.97225e+20  2.01262e+20            0            0  4.01491e+18  -6.9716e+19        1e+22            0
 2.01262e+20  -8.6013e+20            0            0  -6.9716e+19  4.74194e+20            0        1e+22
      -1e+22           -0 -4.01491e+18   6.9716e+19            0            0  4.97225e+20  2.01262e+20
          -0       -1e+22   6.9716e+19 -4.74194e+20            0            0  2.01262e+20  -8.6013e+20
-4.01491e+18   6.9716e+19       -1e+22           -0  4.97225e+20  2.01262e+20            0            0
  6.9716e+19 -4.74194e+20           -0       -1e+22  2.01262e+20  -8.6013e+20            0            0
2
           0            0  4.97225e+20  2.01262e+20        1e+22            0  4.01491e+18  -6.9716e+19
           0            0  2.01262e+20  -8.6013e+20            0        1e+22  -6.9716e+19  4.74194e+20
 4.97225e+20  2.01262e+20            0            0  4.01491e+18  -6.9716e+19        1e+22            0
 2.01262e+20  -8.6013e+20            0            0  -6.9716e+19  4.74194e+20            0        1e+22
      -1e+22           -0 -4.01491e+18   6.9716e+19            0            0  4.97225e+20  2.01262e+20
          -0       -1e+22   6.9716e+19 -4.74194e+20            0            0  2.01262e+20  -8.6013e+20
-4.01491e+18   6.9716e+19       -1e+22           -0  4.97225e+20  2.01262e+20            0            0
  6.9716e+19 -4.74194e+20           -0       -1e+22  2.01262e+20  -8.6013e+20            0            0
